*
optimization finished, #iter = 132
nu = 9.482487904781282E-6
obj = -14.540517473272107, rho = -11.544358761407182
nSV = 79, nBSV = 0
