.*
optimization finished, #iter = 367
nu = 0.251088750755633
obj = -57.46410232568209, rho = -9.753835249341401
nSV = 58, nBSV = 32
