*
optimization finished, #iter = 104
nu = 0.3687233032270095
obj = -17.874769766886793, rho = -9.917418629958012
nSV = 72, nBSV = 56
